{
 "cells": [
  {
   "cell_type": "code",
   "execution_count": 1,
   "metadata": {},
   "outputs": [],
   "source": [
    "# import needed libraries\n",
    "import pandas as pd\n",
    "import numpy as np\n",
    "from sklearn.preprocessing import StandardScaler\n",
    "import plotly.plotly as py\n",
    "from plotly.graph_objs import *\n",
    "import plotly.tools as tls\n",
    "import plotly.graph_objs as go\n",
    "tls.set_credentials_file(username='softdesinfinity2', api_key='rVvqvP7LcJ9vC1WAixOv')\n",
    "# tls.set_credentials_file(username='enter info', api_key='enter info')"
   ]
  },
  {
   "cell_type": "code",
   "execution_count": 2,
   "metadata": {},
   "outputs": [
    {
     "name": "stdout",
     "output_type": "stream",
     "text": [
      "2.6.0\n"
     ]
    },
    {
     "data": {
      "text/html": [
       "<script>requirejs.config({paths: { 'plotly': ['https://cdn.plot.ly/plotly-latest.min']},});if(!window.Plotly) {{require(['plotly'],function(plotly) {window.Plotly=plotly;});}}</script>"
      ],
      "text/vnd.plotly.v1+html": [
       "<script>requirejs.config({paths: { 'plotly': ['https://cdn.plot.ly/plotly-latest.min']},});if(!window.Plotly) {{require(['plotly'],function(plotly) {window.Plotly=plotly;});}}</script>"
      ]
     },
     "metadata": {},
     "output_type": "display_data"
    }
   ],
   "source": [
    "from plotly import __version__\n",
    "from plotly.offline import download_plotlyjs, init_notebook_mode, plot, iplot\n",
    "\n",
    "print(__version__)\n",
    "init_notebook_mode(connected=True)"
   ]
  },
  {
   "cell_type": "code",
   "execution_count": 3,
   "metadata": {},
   "outputs": [
    {
     "ename": "ModuleNotFoundError",
     "evalue": "No module named 'skbio'",
     "output_type": "error",
     "traceback": [
      "\u001b[1;31m---------------------------------------------------------------------------\u001b[0m",
      "\u001b[1;31mModuleNotFoundError\u001b[0m                       Traceback (most recent call last)",
      "\u001b[1;32m<ipython-input-3-71ed0585e649>\u001b[0m in \u001b[0;36m<module>\u001b[1;34m()\u001b[0m\n\u001b[0;32m      2\u001b[0m \u001b[1;32mfrom\u001b[0m \u001b[0mscipy\u001b[0m\u001b[1;33m.\u001b[0m\u001b[0mspatial\u001b[0m \u001b[1;32mimport\u001b[0m \u001b[0mdistance\u001b[0m\u001b[1;33m\u001b[0m\u001b[0m\n\u001b[0;32m      3\u001b[0m \u001b[1;31m# skbio's PCoA library used for verification\u001b[0m\u001b[1;33m\u001b[0m\u001b[1;33m\u001b[0m\u001b[0m\n\u001b[1;32m----> 4\u001b[1;33m \u001b[1;32mfrom\u001b[0m \u001b[0mskbio\u001b[0m\u001b[1;33m.\u001b[0m\u001b[0mstats\u001b[0m\u001b[1;33m.\u001b[0m\u001b[0mordination\u001b[0m \u001b[1;32mimport\u001b[0m \u001b[0mpcoa\u001b[0m\u001b[1;33m\u001b[0m\u001b[0m\n\u001b[0m\u001b[0;32m      5\u001b[0m \u001b[1;32mfrom\u001b[0m \u001b[0mskbio\u001b[0m\u001b[1;33m.\u001b[0m\u001b[0mdiversity\u001b[0m \u001b[1;32mimport\u001b[0m \u001b[0mbeta_diversity\u001b[0m\u001b[1;33m\u001b[0m\u001b[0m\n",
      "\u001b[1;31mModuleNotFoundError\u001b[0m: No module named 'skbio'"
     ]
    }
   ],
   "source": [
    "# libraries for PCoA\n",
    "from scipy.spatial import distance\n",
    "# skbio's PCoA library used for verification\n",
    "from skbio.stats.ordination import pcoa\n",
    "from skbio.diversity import beta_diversity"
   ]
  },
  {
   "cell_type": "code",
   "execution_count": 4,
   "metadata": {},
   "outputs": [
    {
     "data": {
      "text/html": [
       "<div>\n",
       "<style>\n",
       "    .dataframe thead tr:only-child th {\n",
       "        text-align: right;\n",
       "    }\n",
       "\n",
       "    .dataframe thead th {\n",
       "        text-align: left;\n",
       "    }\n",
       "\n",
       "    .dataframe tbody tr th {\n",
       "        vertical-align: top;\n",
       "    }\n",
       "</style>\n",
       "<table border=\"1\" class=\"dataframe\">\n",
       "  <thead>\n",
       "    <tr style=\"text-align: right;\">\n",
       "      <th></th>\n",
       "      <th>0</th>\n",
       "      <th>1</th>\n",
       "      <th>2</th>\n",
       "      <th>3</th>\n",
       "      <th>4</th>\n",
       "      <th>5</th>\n",
       "      <th>6</th>\n",
       "      <th>7</th>\n",
       "      <th>8</th>\n",
       "      <th>9</th>\n",
       "      <th>...</th>\n",
       "      <th>11</th>\n",
       "      <th>12</th>\n",
       "      <th>13</th>\n",
       "      <th>14</th>\n",
       "      <th>15</th>\n",
       "      <th>16</th>\n",
       "      <th>17</th>\n",
       "      <th>18</th>\n",
       "      <th>19</th>\n",
       "      <th>20</th>\n",
       "    </tr>\n",
       "  </thead>\n",
       "  <tbody>\n",
       "    <tr>\n",
       "      <th>0</th>\n",
       "      <td>26</td>\n",
       "      <td>21</td>\n",
       "      <td>24</td>\n",
       "      <td>28</td>\n",
       "      <td>52</td>\n",
       "      <td>19</td>\n",
       "      <td>39</td>\n",
       "      <td>13</td>\n",
       "      <td>20</td>\n",
       "      <td>12</td>\n",
       "      <td>...</td>\n",
       "      <td>4</td>\n",
       "      <td>14</td>\n",
       "      <td>27</td>\n",
       "      <td>37</td>\n",
       "      <td>6</td>\n",
       "      <td>365</td>\n",
       "      <td>93</td>\n",
       "      <td>113</td>\n",
       "      <td>222</td>\n",
       "      <td>272</td>\n",
       "    </tr>\n",
       "    <tr>\n",
       "      <th>1</th>\n",
       "      <td>67</td>\n",
       "      <td>44</td>\n",
       "      <td>55</td>\n",
       "      <td>62</td>\n",
       "      <td>103</td>\n",
       "      <td>36</td>\n",
       "      <td>68</td>\n",
       "      <td>51</td>\n",
       "      <td>127</td>\n",
       "      <td>54</td>\n",
       "      <td>...</td>\n",
       "      <td>6</td>\n",
       "      <td>80</td>\n",
       "      <td>115</td>\n",
       "      <td>81</td>\n",
       "      <td>19</td>\n",
       "      <td>476</td>\n",
       "      <td>348</td>\n",
       "      <td>560</td>\n",
       "      <td>252</td>\n",
       "      <td>320</td>\n",
       "    </tr>\n",
       "    <tr>\n",
       "      <th>2</th>\n",
       "      <td>42</td>\n",
       "      <td>50</td>\n",
       "      <td>58</td>\n",
       "      <td>64</td>\n",
       "      <td>65</td>\n",
       "      <td>12</td>\n",
       "      <td>41</td>\n",
       "      <td>55</td>\n",
       "      <td>74</td>\n",
       "      <td>23</td>\n",
       "      <td>...</td>\n",
       "      <td>5</td>\n",
       "      <td>53</td>\n",
       "      <td>103</td>\n",
       "      <td>27</td>\n",
       "      <td>3</td>\n",
       "      <td>169</td>\n",
       "      <td>57</td>\n",
       "      <td>75</td>\n",
       "      <td>64</td>\n",
       "      <td>102</td>\n",
       "    </tr>\n",
       "    <tr>\n",
       "      <th>3</th>\n",
       "      <td>21</td>\n",
       "      <td>26</td>\n",
       "      <td>21</td>\n",
       "      <td>25</td>\n",
       "      <td>31</td>\n",
       "      <td>12</td>\n",
       "      <td>23</td>\n",
       "      <td>27</td>\n",
       "      <td>45</td>\n",
       "      <td>18</td>\n",
       "      <td>...</td>\n",
       "      <td>0</td>\n",
       "      <td>26</td>\n",
       "      <td>54</td>\n",
       "      <td>12</td>\n",
       "      <td>0</td>\n",
       "      <td>95</td>\n",
       "      <td>10</td>\n",
       "      <td>4</td>\n",
       "      <td>22</td>\n",
       "      <td>36</td>\n",
       "    </tr>\n",
       "    <tr>\n",
       "      <th>4</th>\n",
       "      <td>7</td>\n",
       "      <td>4</td>\n",
       "      <td>5</td>\n",
       "      <td>4</td>\n",
       "      <td>10</td>\n",
       "      <td>1</td>\n",
       "      <td>9</td>\n",
       "      <td>10</td>\n",
       "      <td>4</td>\n",
       "      <td>1</td>\n",
       "      <td>...</td>\n",
       "      <td>0</td>\n",
       "      <td>2</td>\n",
       "      <td>7</td>\n",
       "      <td>3</td>\n",
       "      <td>0</td>\n",
       "      <td>0</td>\n",
       "      <td>0</td>\n",
       "      <td>0</td>\n",
       "      <td>0</td>\n",
       "      <td>18</td>\n",
       "    </tr>\n",
       "    <tr>\n",
       "      <th>5</th>\n",
       "      <td>0</td>\n",
       "      <td>0</td>\n",
       "      <td>0</td>\n",
       "      <td>0</td>\n",
       "      <td>0</td>\n",
       "      <td>1</td>\n",
       "      <td>0</td>\n",
       "      <td>0</td>\n",
       "      <td>0</td>\n",
       "      <td>0</td>\n",
       "      <td>...</td>\n",
       "      <td>0</td>\n",
       "      <td>0</td>\n",
       "      <td>2</td>\n",
       "      <td>0</td>\n",
       "      <td>0</td>\n",
       "      <td>0</td>\n",
       "      <td>0</td>\n",
       "      <td>0</td>\n",
       "      <td>0</td>\n",
       "      <td>0</td>\n",
       "    </tr>\n",
       "    <tr>\n",
       "      <th>6</th>\n",
       "      <td>20</td>\n",
       "      <td>14</td>\n",
       "      <td>20</td>\n",
       "      <td>22</td>\n",
       "      <td>27</td>\n",
       "      <td>14</td>\n",
       "      <td>13</td>\n",
       "      <td>19</td>\n",
       "      <td>36</td>\n",
       "      <td>12</td>\n",
       "      <td>...</td>\n",
       "      <td>0</td>\n",
       "      <td>27</td>\n",
       "      <td>37</td>\n",
       "      <td>21</td>\n",
       "      <td>4</td>\n",
       "      <td>128</td>\n",
       "      <td>17</td>\n",
       "      <td>21</td>\n",
       "      <td>29</td>\n",
       "      <td>45</td>\n",
       "    </tr>\n",
       "    <tr>\n",
       "      <th>7</th>\n",
       "      <td>2</td>\n",
       "      <td>1</td>\n",
       "      <td>3</td>\n",
       "      <td>0</td>\n",
       "      <td>1</td>\n",
       "      <td>2</td>\n",
       "      <td>1</td>\n",
       "      <td>2</td>\n",
       "      <td>4</td>\n",
       "      <td>7</td>\n",
       "      <td>...</td>\n",
       "      <td>0</td>\n",
       "      <td>11</td>\n",
       "      <td>7</td>\n",
       "      <td>10</td>\n",
       "      <td>0</td>\n",
       "      <td>50</td>\n",
       "      <td>0</td>\n",
       "      <td>0</td>\n",
       "      <td>0</td>\n",
       "      <td>0</td>\n",
       "    </tr>\n",
       "    <tr>\n",
       "      <th>8</th>\n",
       "      <td>6</td>\n",
       "      <td>4</td>\n",
       "      <td>8</td>\n",
       "      <td>7</td>\n",
       "      <td>8</td>\n",
       "      <td>1</td>\n",
       "      <td>6</td>\n",
       "      <td>10</td>\n",
       "      <td>5</td>\n",
       "      <td>7</td>\n",
       "      <td>...</td>\n",
       "      <td>0</td>\n",
       "      <td>4</td>\n",
       "      <td>6</td>\n",
       "      <td>7</td>\n",
       "      <td>0</td>\n",
       "      <td>15</td>\n",
       "      <td>22</td>\n",
       "      <td>13</td>\n",
       "      <td>6</td>\n",
       "      <td>20</td>\n",
       "    </tr>\n",
       "    <tr>\n",
       "      <th>9</th>\n",
       "      <td>77</td>\n",
       "      <td>59</td>\n",
       "      <td>64</td>\n",
       "      <td>84</td>\n",
       "      <td>128</td>\n",
       "      <td>26</td>\n",
       "      <td>65</td>\n",
       "      <td>80</td>\n",
       "      <td>91</td>\n",
       "      <td>53</td>\n",
       "      <td>...</td>\n",
       "      <td>4</td>\n",
       "      <td>79</td>\n",
       "      <td>112</td>\n",
       "      <td>60</td>\n",
       "      <td>4</td>\n",
       "      <td>239</td>\n",
       "      <td>33</td>\n",
       "      <td>118</td>\n",
       "      <td>35</td>\n",
       "      <td>70</td>\n",
       "    </tr>\n",
       "    <tr>\n",
       "      <th>10</th>\n",
       "      <td>5</td>\n",
       "      <td>4</td>\n",
       "      <td>3</td>\n",
       "      <td>5</td>\n",
       "      <td>8</td>\n",
       "      <td>2</td>\n",
       "      <td>5</td>\n",
       "      <td>6</td>\n",
       "      <td>6</td>\n",
       "      <td>5</td>\n",
       "      <td>...</td>\n",
       "      <td>0</td>\n",
       "      <td>4</td>\n",
       "      <td>5</td>\n",
       "      <td>5</td>\n",
       "      <td>0</td>\n",
       "      <td>21</td>\n",
       "      <td>9</td>\n",
       "      <td>10</td>\n",
       "      <td>1</td>\n",
       "      <td>4</td>\n",
       "    </tr>\n",
       "    <tr>\n",
       "      <th>11</th>\n",
       "      <td>34</td>\n",
       "      <td>17</td>\n",
       "      <td>28</td>\n",
       "      <td>29</td>\n",
       "      <td>45</td>\n",
       "      <td>2</td>\n",
       "      <td>29</td>\n",
       "      <td>27</td>\n",
       "      <td>35</td>\n",
       "      <td>15</td>\n",
       "      <td>...</td>\n",
       "      <td>1</td>\n",
       "      <td>35</td>\n",
       "      <td>47</td>\n",
       "      <td>17</td>\n",
       "      <td>9</td>\n",
       "      <td>241</td>\n",
       "      <td>185</td>\n",
       "      <td>181</td>\n",
       "      <td>118</td>\n",
       "      <td>45</td>\n",
       "    </tr>\n",
       "    <tr>\n",
       "      <th>12</th>\n",
       "      <td>37</td>\n",
       "      <td>33</td>\n",
       "      <td>37</td>\n",
       "      <td>52</td>\n",
       "      <td>70</td>\n",
       "      <td>15</td>\n",
       "      <td>46</td>\n",
       "      <td>33</td>\n",
       "      <td>60</td>\n",
       "      <td>44</td>\n",
       "      <td>...</td>\n",
       "      <td>5</td>\n",
       "      <td>26</td>\n",
       "      <td>41</td>\n",
       "      <td>69</td>\n",
       "      <td>15</td>\n",
       "      <td>428</td>\n",
       "      <td>73</td>\n",
       "      <td>98</td>\n",
       "      <td>59</td>\n",
       "      <td>198</td>\n",
       "    </tr>\n",
       "    <tr>\n",
       "      <th>13</th>\n",
       "      <td>63</td>\n",
       "      <td>45</td>\n",
       "      <td>55</td>\n",
       "      <td>42</td>\n",
       "      <td>109</td>\n",
       "      <td>15</td>\n",
       "      <td>63</td>\n",
       "      <td>49</td>\n",
       "      <td>76</td>\n",
       "      <td>28</td>\n",
       "      <td>...</td>\n",
       "      <td>1</td>\n",
       "      <td>53</td>\n",
       "      <td>110</td>\n",
       "      <td>48</td>\n",
       "      <td>4</td>\n",
       "      <td>253</td>\n",
       "      <td>50</td>\n",
       "      <td>58</td>\n",
       "      <td>84</td>\n",
       "      <td>85</td>\n",
       "    </tr>\n",
       "    <tr>\n",
       "      <th>14</th>\n",
       "      <td>10</td>\n",
       "      <td>21</td>\n",
       "      <td>24</td>\n",
       "      <td>20</td>\n",
       "      <td>30</td>\n",
       "      <td>6</td>\n",
       "      <td>12</td>\n",
       "      <td>29</td>\n",
       "      <td>21</td>\n",
       "      <td>5</td>\n",
       "      <td>...</td>\n",
       "      <td>1</td>\n",
       "      <td>21</td>\n",
       "      <td>39</td>\n",
       "      <td>3</td>\n",
       "      <td>0</td>\n",
       "      <td>47</td>\n",
       "      <td>1</td>\n",
       "      <td>2</td>\n",
       "      <td>2</td>\n",
       "      <td>22</td>\n",
       "    </tr>\n",
       "    <tr>\n",
       "      <th>15</th>\n",
       "      <td>21</td>\n",
       "      <td>21</td>\n",
       "      <td>14</td>\n",
       "      <td>33</td>\n",
       "      <td>39</td>\n",
       "      <td>12</td>\n",
       "      <td>26</td>\n",
       "      <td>21</td>\n",
       "      <td>54</td>\n",
       "      <td>14</td>\n",
       "      <td>...</td>\n",
       "      <td>1</td>\n",
       "      <td>21</td>\n",
       "      <td>39</td>\n",
       "      <td>27</td>\n",
       "      <td>0</td>\n",
       "      <td>129</td>\n",
       "      <td>35</td>\n",
       "      <td>24</td>\n",
       "      <td>0</td>\n",
       "      <td>0</td>\n",
       "    </tr>\n",
       "    <tr>\n",
       "      <th>16</th>\n",
       "      <td>34</td>\n",
       "      <td>18</td>\n",
       "      <td>18</td>\n",
       "      <td>16</td>\n",
       "      <td>55</td>\n",
       "      <td>5</td>\n",
       "      <td>40</td>\n",
       "      <td>31</td>\n",
       "      <td>23</td>\n",
       "      <td>14</td>\n",
       "      <td>...</td>\n",
       "      <td>0</td>\n",
       "      <td>15</td>\n",
       "      <td>39</td>\n",
       "      <td>30</td>\n",
       "      <td>1</td>\n",
       "      <td>180</td>\n",
       "      <td>17</td>\n",
       "      <td>27</td>\n",
       "      <td>44</td>\n",
       "      <td>41</td>\n",
       "    </tr>\n",
       "  </tbody>\n",
       "</table>\n",
       "<p>17 rows × 21 columns</p>\n",
       "</div>"
      ],
      "text/plain": [
       "    0   1   2   3    4   5   6   7    8   9  ...   11  12   13  14  15   16  \\\n",
       "0   26  21  24  28   52  19  39  13   20  12 ...    4  14   27  37   6  365   \n",
       "1   67  44  55  62  103  36  68  51  127  54 ...    6  80  115  81  19  476   \n",
       "2   42  50  58  64   65  12  41  55   74  23 ...    5  53  103  27   3  169   \n",
       "3   21  26  21  25   31  12  23  27   45  18 ...    0  26   54  12   0   95   \n",
       "4    7   4   5   4   10   1   9  10    4   1 ...    0   2    7   3   0    0   \n",
       "5    0   0   0   0    0   1   0   0    0   0 ...    0   0    2   0   0    0   \n",
       "6   20  14  20  22   27  14  13  19   36  12 ...    0  27   37  21   4  128   \n",
       "7    2   1   3   0    1   2   1   2    4   7 ...    0  11    7  10   0   50   \n",
       "8    6   4   8   7    8   1   6  10    5   7 ...    0   4    6   7   0   15   \n",
       "9   77  59  64  84  128  26  65  80   91  53 ...    4  79  112  60   4  239   \n",
       "10   5   4   3   5    8   2   5   6    6   5 ...    0   4    5   5   0   21   \n",
       "11  34  17  28  29   45   2  29  27   35  15 ...    1  35   47  17   9  241   \n",
       "12  37  33  37  52   70  15  46  33   60  44 ...    5  26   41  69  15  428   \n",
       "13  63  45  55  42  109  15  63  49   76  28 ...    1  53  110  48   4  253   \n",
       "14  10  21  24  20   30   6  12  29   21   5 ...    1  21   39   3   0   47   \n",
       "15  21  21  14  33   39  12  26  21   54  14 ...    1  21   39  27   0  129   \n",
       "16  34  18  18  16   55   5  40  31   23  14 ...    0  15   39  30   1  180   \n",
       "\n",
       "     17   18   19   20  \n",
       "0    93  113  222  272  \n",
       "1   348  560  252  320  \n",
       "2    57   75   64  102  \n",
       "3    10    4   22   36  \n",
       "4     0    0    0   18  \n",
       "5     0    0    0    0  \n",
       "6    17   21   29   45  \n",
       "7     0    0    0    0  \n",
       "8    22   13    6   20  \n",
       "9    33  118   35   70  \n",
       "10    9   10    1    4  \n",
       "11  185  181  118   45  \n",
       "12   73   98   59  198  \n",
       "13   50   58   84   85  \n",
       "14    1    2    2   22  \n",
       "15   35   24    0    0  \n",
       "16   17   27   44   41  \n",
       "\n",
       "[17 rows x 21 columns]"
      ]
     },
     "execution_count": 4,
     "metadata": {},
     "output_type": "execute_result"
    }
   ],
   "source": [
    "#Create a DataFrame containing the data you wish to analyze.\n",
    "#In this case it is the GH metagenomics data\n",
    "df = pd.read_csv(\n",
    "    filepath_or_buffer='meta_data.csv', \n",
    "    header=None, \n",
    "    sep=',')\n",
    "df"
   ]
  },
  {
   "cell_type": "code",
   "execution_count": 5,
   "metadata": {},
   "outputs": [
    {
     "name": "stdout",
     "output_type": "stream",
     "text": [
      "[[ 26  21  24  28  52  19  39  13  20  12  20   4  14  27  37   6 365  93\n",
      "  113 222 272]\n",
      " [ 67  44  55  62 103  36  68  51 127  54  63   6  80 115  81  19 476 348\n",
      "  560 252 320]\n",
      " [ 42  50  58  64  65  12  41  55  74  23  48   5  53 103  27   3 169  57\n",
      "   75  64 102]\n",
      " [ 21  26  21  25  31  12  23  27  45  18  38   0  26  54  12   0  95  10\n",
      "    4  22  36]\n",
      " [  7   4   5   4  10   1   9  10   4   1   4   0   2   7   3   0   0   0\n",
      "    0   0  18]\n",
      " [  0   0   0   0   0   1   0   0   0   0   0   0   0   2   0   0   0   0\n",
      "    0   0   0]\n",
      " [ 20  14  20  22  27  14  13  19  36  12  31   0  27  37  21   4 128  17\n",
      "   21  29  45]\n",
      " [  2   1   3   0   1   2   1   2   4   7  11   0  11   7  10   0  50   0\n",
      "    0   0   0]\n",
      " [  6   4   8   7   8   1   6  10   5   7   4   0   4   6   7   0  15  22\n",
      "   13   6  20]\n",
      " [ 77  59  64  84 128  26  65  80  91  53  48   4  79 112  60   4 239  33\n",
      "  118  35  70]\n",
      " [  5   4   3   5   8   2   5   6   6   5   7   0   4   5   5   0  21   9\n",
      "   10   1   4]\n",
      " [ 34  17  28  29  45   2  29  27  35  15  21   1  35  47  17   9 241 185\n",
      "  181 118  45]\n",
      " [ 37  33  37  52  70  15  46  33  60  44  38   5  26  41  69  15 428  73\n",
      "   98  59 198]\n",
      " [ 63  45  55  42 109  15  63  49  76  28  43   1  53 110  48   4 253  50\n",
      "   58  84  85]\n",
      " [ 10  21  24  20  30   6  12  29  21   5  14   1  21  39   3   0  47   1\n",
      "    2   2  22]\n",
      " [ 21  21  14  33  39  12  26  21  54  14  27   1  21  39  27   0 129  35\n",
      "   24   0   0]\n",
      " [ 34  18  18  16  55   5  40  31  23  14  26   0  15  39  30   1 180  17\n",
      "   27  44  41]]\n"
     ]
    },
    {
     "name": "stderr",
     "output_type": "stream",
     "text": [
      "C:\\ProgramData\\Miniconda3\\lib\\site-packages\\ipykernel_launcher.py:2: DeprecationWarning:\n",
      "\n",
      "\n",
      ".ix is deprecated. Please use\n",
      ".loc for label based indexing or\n",
      ".iloc for positional indexing\n",
      "\n",
      "See the documentation here:\n",
      "http://pandas.pydata.org/pandas-docs/stable/indexing.html#ix-indexer-is-deprecated\n",
      "\n"
     ]
    }
   ],
   "source": [
    "#Show another way to get a Numpy representation of a Dataframe\n",
    "D = df.ix[:,0:21].values\n",
    "print(D)"
   ]
  },
  {
   "cell_type": "code",
   "execution_count": 6,
   "metadata": {},
   "outputs": [
    {
     "data": {
      "text/plain": [
       "array([[ 0.  ,  0.35,  0.38,  0.55,  0.88,  1.  ,  0.49,  0.85,  0.8 ,\n",
       "         0.42,  0.85,  0.3 ,  0.21,  0.36,  0.67,  0.51,  0.41],\n",
       "       [ 0.35,  0.  ,  0.44,  0.69,  0.94,  1.  ,  0.69,  0.93,  0.9 ,\n",
       "         0.37,  0.93,  0.44,  0.34,  0.39,  0.8 ,  0.69,  0.63],\n",
       "       [ 0.38,  0.44,  0.  ,  0.37,  0.86,  0.99,  0.37,  0.83,  0.76,\n",
       "         0.19,  0.82,  0.32,  0.25,  0.13,  0.57,  0.36,  0.29],\n",
       "       [ 0.55,  0.69,  0.37,  0.  ,  0.72,  0.99,  0.15,  0.66,  0.61,\n",
       "         0.47,  0.67,  0.43,  0.47,  0.42,  0.26,  0.21,  0.25],\n",
       "       [ 0.88,  0.94,  0.86,  0.72,  0.  ,  0.93,  0.72,  0.68,  0.34,\n",
       "         0.89,  0.42,  0.86,  0.89,  0.87,  0.58,  0.78,  0.77],\n",
       "       [ 1.  ,  1.  ,  0.99,  0.99,  0.93,  0.  ,  0.99,  0.95,  0.96,\n",
       "         1.  ,  0.95,  0.99,  1.  ,  1.  ,  0.98,  0.99,  0.99],\n",
       "       [ 0.49,  0.69,  0.37,  0.15,  0.72,  0.99,  0.  ,  0.67,  0.57,\n",
       "         0.47,  0.66,  0.38,  0.45,  0.41,  0.32,  0.17,  0.18],\n",
       "       [ 0.85,  0.93,  0.83,  0.66,  0.68,  0.95,  0.67,  0.  ,  0.57,\n",
       "         0.86,  0.44,  0.82,  0.86,  0.85,  0.55,  0.67,  0.72],\n",
       "       [ 0.8 ,  0.9 ,  0.76,  0.61,  0.34,  0.96,  0.57,  0.57,  0.  ,\n",
       "         0.81,  0.24,  0.76,  0.81,  0.79,  0.52,  0.63,  0.63],\n",
       "       [ 0.42,  0.37,  0.19,  0.47,  0.89,  1.  ,  0.47,  0.86,  0.81,\n",
       "         0.  ,  0.86,  0.36,  0.28,  0.13,  0.64,  0.47,  0.4 ],\n",
       "       [ 0.85,  0.93,  0.82,  0.67,  0.42,  0.95,  0.66,  0.44,  0.24,\n",
       "         0.86,  0.  ,  0.82,  0.86,  0.84,  0.56,  0.67,  0.71],\n",
       "       [ 0.3 ,  0.44,  0.32,  0.43,  0.86,  0.99,  0.38,  0.82,  0.76,\n",
       "         0.36,  0.82,  0.  ,  0.32,  0.31,  0.57,  0.41,  0.32],\n",
       "       [ 0.21,  0.34,  0.25,  0.47,  0.89,  1.  ,  0.45,  0.86,  0.81,\n",
       "         0.28,  0.86,  0.32,  0.  ,  0.24,  0.63,  0.45,  0.37],\n",
       "       [ 0.36,  0.39,  0.13,  0.42,  0.87,  1.  ,  0.41,  0.85,  0.79,\n",
       "         0.13,  0.84,  0.31,  0.24,  0.  ,  0.6 ,  0.41,  0.33],\n",
       "       [ 0.67,  0.8 ,  0.57,  0.26,  0.58,  0.98,  0.32,  0.55,  0.52,\n",
       "         0.64,  0.56,  0.57,  0.63,  0.6 ,  0.  ,  0.35,  0.38],\n",
       "       [ 0.51,  0.69,  0.36,  0.21,  0.78,  0.99,  0.17,  0.67,  0.63,\n",
       "         0.47,  0.67,  0.41,  0.45,  0.41,  0.35,  0.  ,  0.23],\n",
       "       [ 0.41,  0.63,  0.29,  0.25,  0.77,  0.99,  0.18,  0.72,  0.63,\n",
       "         0.4 ,  0.71,  0.32,  0.37,  0.33,  0.38,  0.23,  0.  ]])"
      ]
     },
     "execution_count": 6,
     "metadata": {},
     "output_type": "execute_result"
    }
   ],
   "source": [
    "# Compute the Bray-curtis distance between all combinations of sample pairs and place values into a distance matrix\n",
    "# The diagonal values will all be 0 because a variable is no distance away from itself\n",
    "B = []\n",
    "for row in D:\n",
    "    B_row = []\n",
    "    for row2 in D:\n",
    "        B_row.append(distance.braycurtis(row, row2))\n",
    "    B.append(B_row)\n",
    "B = np.matrix(B)\n",
    "B.round(2).reshape(17, 17)"
   ]
  },
  {
   "cell_type": "code",
   "execution_count": 7,
   "metadata": {},
   "outputs": [
    {
     "ename": "NameError",
     "evalue": "name 'pcoa' is not defined",
     "output_type": "error",
     "traceback": [
      "\u001b[1;31m---------------------------------------------------------------------------\u001b[0m",
      "\u001b[1;31mNameError\u001b[0m                                 Traceback (most recent call last)",
      "\u001b[1;32m<ipython-input-7-efa33be0c63b>\u001b[0m in \u001b[0;36m<module>\u001b[1;34m()\u001b[0m\n\u001b[0;32m      1\u001b[0m \u001b[1;31m# eigenvalues from skbio's PCoA function, used for verification\u001b[0m\u001b[1;33m\u001b[0m\u001b[1;33m\u001b[0m\u001b[0m\n\u001b[1;32m----> 2\u001b[1;33m \u001b[0mpcoa\u001b[0m\u001b[1;33m(\u001b[0m\u001b[0mB\u001b[0m\u001b[1;33m)\u001b[0m\u001b[1;33m.\u001b[0m\u001b[0meigvals\u001b[0m\u001b[1;33m\u001b[0m\u001b[0m\n\u001b[0m",
      "\u001b[1;31mNameError\u001b[0m: name 'pcoa' is not defined"
     ]
    }
   ],
   "source": [
    "# eigenvalues from skbio's PCoA function, used for verification\n",
    "pcoa(B).eigvals"
   ]
  },
  {
   "cell_type": "code",
   "execution_count": 8,
   "metadata": {},
   "outputs": [
    {
     "data": {
      "text/plain": [
       "array([[ 0.  , -0.06, -0.07, -0.15, -0.39, -0.5 , -0.12, -0.37, -0.32,\n",
       "        -0.09, -0.36, -0.04, -0.02, -0.06, -0.22, -0.13, -0.08],\n",
       "       [-0.06,  0.  , -0.1 , -0.24, -0.44, -0.5 , -0.24, -0.43, -0.4 ,\n",
       "        -0.07, -0.43, -0.1 , -0.06, -0.07, -0.32, -0.23, -0.2 ],\n",
       "       [-0.07, -0.1 ,  0.  , -0.07, -0.37, -0.49, -0.07, -0.34, -0.29,\n",
       "        -0.02, -0.34, -0.05, -0.03, -0.01, -0.16, -0.07, -0.04],\n",
       "       [-0.15, -0.24, -0.07,  0.  , -0.26, -0.49, -0.01, -0.22, -0.19,\n",
       "        -0.11, -0.22, -0.09, -0.11, -0.09, -0.03, -0.02, -0.03],\n",
       "       [-0.39, -0.44, -0.37, -0.26,  0.  , -0.44, -0.26, -0.23, -0.06,\n",
       "        -0.4 , -0.09, -0.37, -0.39, -0.38, -0.17, -0.3 , -0.29],\n",
       "       [-0.5 , -0.5 , -0.49, -0.49, -0.44,  0.  , -0.49, -0.45, -0.46,\n",
       "        -0.5 , -0.45, -0.49, -0.5 , -0.5 , -0.48, -0.49, -0.49],\n",
       "       [-0.12, -0.24, -0.07, -0.01, -0.26, -0.49,  0.  , -0.22, -0.16,\n",
       "        -0.11, -0.22, -0.07, -0.1 , -0.08, -0.05, -0.01, -0.02],\n",
       "       [-0.37, -0.43, -0.34, -0.22, -0.23, -0.45, -0.22,  0.  , -0.16,\n",
       "        -0.37, -0.1 , -0.34, -0.37, -0.36, -0.15, -0.22, -0.26],\n",
       "       [-0.32, -0.4 , -0.29, -0.19, -0.06, -0.46, -0.16, -0.16,  0.  ,\n",
       "        -0.33, -0.03, -0.29, -0.32, -0.31, -0.14, -0.2 , -0.2 ],\n",
       "       [-0.09, -0.07, -0.02, -0.11, -0.4 , -0.5 , -0.11, -0.37, -0.33,\n",
       "         0.  , -0.37, -0.07, -0.04, -0.01, -0.21, -0.11, -0.08],\n",
       "       [-0.36, -0.43, -0.34, -0.22, -0.09, -0.45, -0.22, -0.1 , -0.03,\n",
       "        -0.37,  0.  , -0.34, -0.37, -0.35, -0.16, -0.23, -0.25],\n",
       "       [-0.04, -0.1 , -0.05, -0.09, -0.37, -0.49, -0.07, -0.34, -0.29,\n",
       "        -0.07, -0.34,  0.  , -0.05, -0.05, -0.16, -0.09, -0.05],\n",
       "       [-0.02, -0.06, -0.03, -0.11, -0.39, -0.5 , -0.1 , -0.37, -0.32,\n",
       "        -0.04, -0.37, -0.05,  0.  , -0.03, -0.2 , -0.1 , -0.07],\n",
       "       [-0.06, -0.07, -0.01, -0.09, -0.38, -0.5 , -0.08, -0.36, -0.31,\n",
       "        -0.01, -0.35, -0.05, -0.03,  0.  , -0.18, -0.08, -0.05],\n",
       "       [-0.22, -0.32, -0.16, -0.03, -0.17, -0.48, -0.05, -0.15, -0.14,\n",
       "        -0.21, -0.16, -0.16, -0.2 , -0.18,  0.  , -0.06, -0.07],\n",
       "       [-0.13, -0.23, -0.07, -0.02, -0.3 , -0.49, -0.01, -0.22, -0.2 ,\n",
       "        -0.11, -0.23, -0.09, -0.1 , -0.08, -0.06,  0.  , -0.03],\n",
       "       [-0.08, -0.2 , -0.04, -0.03, -0.29, -0.49, -0.02, -0.26, -0.2 ,\n",
       "        -0.08, -0.25, -0.05, -0.07, -0.05, -0.07, -0.03,  0.  ]])"
      ]
     },
     "execution_count": 8,
     "metadata": {},
     "output_type": "execute_result"
    }
   ],
   "source": [
    "# First transformation of the distance matrix\n",
    "A = -0.5*np.square(B)\n",
    "A.round(2)"
   ]
  },
  {
   "cell_type": "code",
   "execution_count": 9,
   "metadata": {},
   "outputs": [
    {
     "name": "stdout",
     "output_type": "stream",
     "text": [
      "[[-0.17654585 -0.22878369 -0.14834849 -0.13762148 -0.28493313 -0.45368032\n",
      "  -0.13167633 -0.26978538 -0.22710801 -0.16901388 -0.25296147 -0.15571474\n",
      "  -0.1629007  -0.15437161 -0.16286702 -0.1398685  -0.13048544]]\n",
      "[[-0.17654585]\n",
      " [-0.22878369]\n",
      " [-0.14834849]\n",
      " [-0.13762148]\n",
      " [-0.28493313]\n",
      " [-0.45368032]\n",
      " [-0.13167633]\n",
      " [-0.26978538]\n",
      " [-0.22710801]\n",
      " [-0.16901388]\n",
      " [-0.25296147]\n",
      " [-0.15571474]\n",
      " [-0.1629007 ]\n",
      " [-0.15437161]\n",
      " [-0.16286702]\n",
      " [-0.1398685 ]\n",
      " [-0.13048544]]\n"
     ]
    }
   ],
   "source": [
    "# computing the mean row vector and column vector\n",
    "A_col = A.mean(0)\n",
    "A_row = A.mean(1)\n",
    "print(A_col)\n",
    "print(A_row)"
   ]
  },
  {
   "cell_type": "code",
   "execution_count": 10,
   "metadata": {},
   "outputs": [
    {
     "data": {
      "text/plain": [
       "-0.19921564972810712"
      ]
     },
     "execution_count": 10,
     "metadata": {},
     "output_type": "execute_result"
    }
   ],
   "source": [
    "# compute the mean of the entire matrix A\n",
    "A_mean = A.mean()\n",
    "A_mean"
   ]
  },
  {
   "cell_type": "code",
   "execution_count": 11,
   "metadata": {},
   "outputs": [
    {
     "data": {
      "text/plain": [
       "matrix([[  1.53876056e-01,   1.43660714e-01,   5.28179610e-02,\n",
       "          -3.90565935e-02,  -1.27215475e-01,  -6.48024765e-02,\n",
       "          -1.34860054e-02,  -1.17927624e-01,  -1.15158388e-01,\n",
       "           5.60747086e-02,  -1.31675283e-01,   8.92424359e-02,\n",
       "           1.18744205e-01,   6.67661409e-02,  -8.11405343e-02,\n",
       "          -1.45654760e-02,   2.38456345e-02],\n",
       "        [  1.43660714e-01,   2.58351729e-01,   8.22592240e-02,\n",
       "          -7.14917178e-02,  -1.29305789e-01,  -1.47469660e-02,\n",
       "          -7.38245005e-02,  -1.30977499e-01,  -1.47351875e-01,\n",
       "           1.29550618e-01,  -1.46073570e-01,   8.83894142e-02,\n",
       "           1.35258272e-01,   1.09522564e-01,  -1.28385484e-01,\n",
       "          -6.53064117e-02,  -3.95287223e-02],\n",
       "        [  5.28179610e-02,   8.22592240e-02,   9.74813320e-02,\n",
       "           1.79457924e-02,  -1.36447120e-01,  -9.21701495e-02,\n",
       "           1.39153672e-02,  -1.23838168e-01,  -1.15813340e-01,\n",
       "           1.00486610e-01,  -1.37191664e-01,   5.24593140e-02,\n",
       "           7.98153423e-02,   9.56671711e-02,  -4.80590039e-02,\n",
       "           2.36399443e-02,   3.70313861e-02],\n",
       "        [ -3.90565935e-02,  -7.14917178e-02,   1.79457924e-02,\n",
       "           7.60273183e-02,  -3.56343166e-02,  -9.70446064e-02,\n",
       "           5.86203909e-02,  -9.32802596e-03,  -1.96287589e-02,\n",
       "          -4.79268412e-03,  -3.32144839e-02,   3.42799178e-03,\n",
       "          -1.05862547e-02,   4.93453083e-03,   6.74015831e-02,\n",
       "           5.58115477e-02,   3.66082869e-02],\n",
       "        [ -1.27215475e-01,  -1.29305789e-01,  -1.36447120e-01,\n",
       "          -3.56343166e-02,   3.70650604e-01,   1.02488533e-01,\n",
       "          -4.50260349e-02,   1.23219002e-01,   2.55463360e-01,\n",
       "          -1.41307643e-01,   2.49818895e-01,  -1.26306660e-01,\n",
       "          -1.44176340e-01,  -1.42646552e-01,   8.31690569e-02,\n",
       "          -7.90240557e-02,  -7.77194651e-02],\n",
       "        [ -6.48024765e-02,  -1.47469660e-02,  -9.21701495e-02,\n",
       "          -9.70446064e-02,   1.02488533e-01,   7.08144988e-01,\n",
       "          -1.03202111e-01,   7.50629026e-02,   1.79238402e-02,\n",
       "          -7.26126731e-02,   5.69808658e-02,  -8.46792339e-02,\n",
       "          -7.85887908e-02,  -8.66861298e-02,  -6.48126183e-02,\n",
       "          -9.50288405e-02,  -1.06226534e-01],\n",
       "        [ -1.34860054e-02,  -7.38245005e-02,   1.39153672e-02,\n",
       "           5.86203909e-02,  -4.50260349e-02,  -1.03202111e-01,\n",
       "           6.41370157e-02,  -1.89807650e-02,  -2.78579504e-03,\n",
       "          -7.08646158e-03,  -3.08875468e-02,   1.48295885e-02,\n",
       "          -7.37633921e-03,   2.41547561e-03,   4.51471537e-02,\n",
       "           5.73483840e-02,   4.62421835e-02],\n",
       "        [ -1.17927624e-01,  -1.30977499e-01,  -1.23838168e-01,\n",
       "          -9.32802596e-03,   1.23219002e-01,   7.50629026e-02,\n",
       "          -1.89807650e-02,   3.40355109e-01,   1.34111062e-01,\n",
       "          -1.33230676e-01,   2.24548104e-01,  -1.13234598e-01,\n",
       "          -1.35496556e-01,  -1.32147131e-01,   8.35524302e-02,\n",
       "          -1.11211410e-02,  -5.45664263e-02],\n",
       "        [ -1.15158388e-01,  -1.47351875e-01,  -1.15813340e-01,\n",
       "          -1.96287589e-02,   2.55463360e-01,   1.79238402e-02,\n",
       "          -2.78579504e-03,   1.34111062e-01,   2.55000361e-01,\n",
       "          -1.32450278e-01,   2.51843224e-01,  -1.04502405e-01,\n",
       "          -1.33721530e-01,  -1.27425277e-01,   5.47926467e-02,\n",
       "          -3.00657884e-02,  -4.02310587e-02],\n",
       "        [  5.60747086e-02,   1.29550618e-01,   1.00486610e-01,\n",
       "          -4.79268412e-03,  -1.41307643e-01,  -7.26126731e-02,\n",
       "          -7.08646158e-03,  -1.33230676e-01,  -1.32450278e-01,\n",
       "           1.38812107e-01,  -1.47124003e-01,   5.94218451e-02,\n",
       "           9.21537198e-02,   1.15128168e-01,  -7.53281699e-02,\n",
       "           5.39192271e-04,   2.17656209e-02],\n",
       "        [ -1.31675283e-01,  -1.46073570e-01,  -1.37191664e-01,\n",
       "          -3.32144839e-02,   2.49818895e-01,   5.69808658e-02,\n",
       "          -3.08875468e-02,   2.24548104e-01,   2.51843224e-01,\n",
       "          -1.47124003e-01,   3.06707293e-01,  -1.26533824e-01,\n",
       "          -1.49317244e-01,  -1.45750040e-01,   5.75394914e-02,\n",
       "          -3.29211872e-02,  -6.67490257e-02],\n",
       "        [  8.92424359e-02,   8.83894142e-02,   5.24593140e-02,\n",
       "           3.42799178e-03,  -1.26306660e-01,  -8.46792339e-02,\n",
       "           1.48295885e-02,  -1.13234598e-01,  -1.04502405e-01,\n",
       "           5.94218451e-02,  -1.26533824e-01,   1.12213837e-01,\n",
       "           6.69992090e-02,   6.36187665e-02,  -4.35161665e-02,\n",
       "           1.13104609e-02,   3.68600254e-02],\n",
       "        [  1.18744205e-01,   1.35258272e-01,   7.98153423e-02,\n",
       "          -1.05862547e-02,  -1.44176340e-01,  -7.85887908e-02,\n",
       "          -7.37633921e-03,  -1.35496556e-01,  -1.33721530e-01,\n",
       "           9.21537198e-02,  -1.49317244e-01,   6.69992090e-02,\n",
       "           1.26585758e-01,   8.85384763e-02,  -7.49040789e-02,\n",
       "           1.58360258e-03,   2.44885487e-02],\n",
       "        [  6.67661409e-02,   1.09522564e-01,   9.56671711e-02,\n",
       "           4.93453083e-03,  -1.42646552e-01,  -8.66861298e-02,\n",
       "           2.41547561e-03,  -1.32147131e-01,  -1.27425277e-01,\n",
       "           1.15128168e-01,  -1.45750040e-01,   6.36187665e-02,\n",
       "           8.85384763e-02,   1.09527574e-01,  -6.40019123e-02,\n",
       "           1.09137716e-02,   3.16244034e-02],\n",
       "        [ -8.11405343e-02,  -1.28385484e-01,  -4.80590039e-02,\n",
       "           6.74015831e-02,   8.31690569e-02,  -6.48126183e-02,\n",
       "           4.51471537e-02,   8.35524302e-02,   5.47926467e-02,\n",
       "          -7.53281699e-02,   5.75394914e-02,  -4.35161665e-02,\n",
       "          -7.49040789e-02,  -6.40019123e-02,   1.26518389e-01,\n",
       "           4.17959804e-02,   2.02312376e-02],\n",
       "        [ -1.45654760e-02,  -6.53064117e-02,   2.36399443e-02,\n",
       "           5.58115477e-02,  -7.90240557e-02,  -9.50288405e-02,\n",
       "           5.73483840e-02,  -1.11211410e-02,  -3.00657884e-02,\n",
       "           5.39192271e-04,  -3.29211872e-02,   1.13104609e-02,\n",
       "           1.58360258e-03,   1.09137716e-02,   4.17959804e-02,\n",
       "           8.05213441e-02,   4.45686727e-02],\n",
       "        [  2.38456345e-02,  -3.95287223e-02,   3.70313861e-02,\n",
       "           3.66082869e-02,  -7.77194651e-02,  -1.06226534e-01,\n",
       "           4.62421835e-02,  -5.45664263e-02,  -4.02310587e-02,\n",
       "           2.17656209e-02,  -6.67490257e-02,   3.68600254e-02,\n",
       "           2.44885487e-02,   3.16244034e-02,   2.02312376e-02,\n",
       "           4.45686727e-02,   6.17552323e-02]])"
      ]
     },
     "execution_count": 11,
     "metadata": {},
     "output_type": "execute_result"
    }
   ],
   "source": [
    "# Second transformation of the distance matrix (standardization)\n",
    "E = A - A_col - A_row + A_mean\n",
    "E"
   ]
  },
  {
   "cell_type": "code",
   "execution_count": 12,
   "metadata": {},
   "outputs": [
    {
     "name": "stdout",
     "output_type": "stream",
     "text": [
      "Eigenvectors \n",
      "[[-0.22 -0.08 -0.21 -0.1  -0.59  0.    0.27  0.14 -0.25  0.02 -0.4   0.24\n",
      "   0.33 -0.19 -0.12 -0.11 -0.06]\n",
      " [-0.27 -0.24 -0.44 -0.21  0.09  0.24 -0.13 -0.37  0.46 -0.11  0.03  0.24\n",
      "  -0.07  0.04 -0.14 -0.08 -0.31]\n",
      " [-0.22  0.02  0.03  0.07  0.3  -0.1   0.11  0.08 -0.16 -0.02  0.09  0.24\n",
      "   0.2   0.48 -0.01 -0.67  0.1 ]\n",
      " [-0.02  0.2   0.28  0.1   0.1   0.18 -0.01 -0.31  0.11 -0.35 -0.52  0.24\n",
      "  -0.05 -0.13  0.47 -0.07  0.15]\n",
      " [ 0.39  0.01 -0.37  0.44  0.05  0.42  0.06  0.21  0.18  0.1  -0.03  0.24\n",
      "   0.04 -0.01 -0.14  0.    0.41]\n",
      " [ 0.23 -0.85  0.38  0.12 -0.04 -0.06  0.   -0.02 -0.01 -0.01  0.01  0.24\n",
      "   0.   -0.    0.02 -0.   -0.05]\n",
